4
3
1 3 -5
-2 4 1
5
1 2 3 4 5
1 0 1 0 1
3
-100000 -100000 -100000
-100000 -100000 -100000
800
100000 100000 100000 100000 100000 100000 100000 100000 100000 100000 100000 100000 100000 100000 100000 100000 100000 100000 100000 100000 100000 100000 100000 100000 100000 100000 100000 100000 100000 100000 100000 100000 100000 100000 100000 100000 100000 100000 100000 100000 100000 100000 100000 100000 100000 100000 100000 100000 100000 100000 100000 100000 100000 100000 100000 100000 100000 100000 100000 100000 100000 100000 100000 100000 100000 100000 100000 100000 100000 100000 100000 100000 100000 100000 100000 100000 100000 100000 100000 100000 100000 100000 100000 100000 100000 100000 100000 100000 100000 100000 100000 100000 100000 100000 100000 100000 100000 100000 100000 100000 100000 100000 100000 100000 100000 100000 100000 100000 100000 100000 100000 100000 100000 100000 100000 100000 100000 100000 100000 100000 100000 100000 100000 100000 100000 100000 100000 100000 100000 100000 100000 100000 100000 100000 100000 100000 100000 100000 100000 100000 100000 100000 100000 100000 100000 100000 100000 100000 100000 100000 100000 100000 100000 100000 100000 100000 100000 100000 100000 100000 100000 100000 100000 100000 100000 100000 100000 100000 100000 100000 100000 100000 100000 100000 100000 100000 100000 100000 100000 100000 100000 100000 100000 100000 100000 100000 100000 100000 100000 100000 100000 100000 100000 100000 100000 100000 100000 100000 100000 100000 100000 100000 100000 100000 100000 100000 100000 100000 100000 100000 100000 100000 100000 100000 100000 100000 100000 100000 100000 100000 100000 100000 100000 100000 100000 100000 100000 100000 100000 100000 100000 100000 100000 100000 100000 100000 100000 100000 100000 100000 100000 100000 100000 100000 100000 100000 100000 100000 100000 100000 100000 100000 100000 100000 100000 100000 100000 100000 100000 100000 100000 100000 100000 100000 100000 100000 100000 100000 100000 100000 100000 100000 100000 100000 100000 100000 100000 100000 100000 100000 100000 100000 100000 100000 100000 100000 100000 100000 100000 100000 100000 100000 100000 100000 100000 100000 100000 100000 100000 100000 100000 100000 100000 100000 100000 100000 100000 100000 100000 100000 100000 100000 100000 100000 100000 100000 100000 100000 100000 100000 100000 100000 100000 100000 100000 100000 100000 100000 100000 100000 100000 100000 100000 100000 100000 100000 100000 100000 100000 100000 100000 100000 100000 100000 100000 100000 100000 100000 100000 100000 100000 100000 100000 100000 100000 100000 100000 100000 100000 100000 100000 100000 100000 100000 100000 100000 100000 100000 100000 100000 100000 100000 100000 100000 100000 100000 100000 100000 100000 100000 100000 100000 100000 100000 100000 100000 100000 100000 100000 100000 100000 100000 100000 100000 100000 100000 100000 100000 100000 100000 100000 100000 100000 100000 100000 100000 100000 100000 100000 100000 100000 100000 100000 100000 100000 100000 100000 100000 100000 100000 100000 100000 100000 100000 100000 100000 100000 100000 100000 100000 100000 100000 100000 100000 100000 100000 100000 100000 100000 100000 100000 100000 100000 100000 100000 100000 100000 100000 100000 100000 100000 100000 100000 100000 100000 100000 100000 100000 100000 100000 100000 100000 100000 100000 100000 100000 100000 100000 100000 100000 100000 100000 100000 100000 100000 100000 100000 100000 100000 100000 100000 100000 100000 100000 100000 100000 100000 100000 100000 100000 100000 100000 100000 100000 100000 100000 100000 100000 100000 100000 100000 100000 100000 100000 100000 100000 100000 100000 100000 100000 100000 100000 100000 100000 100000 100000 100000 100000 100000 100000 100000 100000 100000 100000 100000 100000 100000 100000 100000 100000 100000 100000 100000 100000 100000 100000 100000 100000 100000 100000 100000 100000 100000 100000 100000 100000 100000 100000 100000 100000 100000 100000 100000 100000 100000 100000 100000 100000 100000 100000 100000 100000 100000 100000 100000 100000 100000 100000 100000 100000 100000 100000 100000 100000 100000 100000 100000 100000 100000 100000 100000 100000 100000 100000 100000 100000 100000 100000 100000 100000 100000 100000 100000 100000 100000 100000 100000 100000 100000 100000 100000 100000 100000 100000 100000 100000 100000 100000 100000 100000 100000 100000 100000 100000 100000 100000 100000 100000 100000 100000 100000 100000 100000 100000 100000 100000 100000 100000 100000 100000 100000 100000 100000 100000 100000 100000 100000 100000 100000 100000 100000 100000 100000 100000 100000 100000 100000 100000 100000 100000 100000 100000 100000 100000 100000 100000 100000 100000 100000 100000 100000 100000 100000 100000 100000 100000 100000 100000 100000 100000 100000 100000 100000 100000 100000 100000 100000 100000 100000 100000 100000 100000 100000 100000 100000 100000 100000 100000 100000 100000 100000 100000 100000 100000 100000 100000 100000 100000 100000 100000 100000 100000 100000 100000 100000 100000 100000 100000 100000 100000 100000 100000 100000 100000 100000 100000 100000 100000 100000 100000 100000 100000 100000 100000 100000 100000 100000 100000 100000 100000 100000 100000 100000 100000 100000 100000 100000 100000 100000 100000 100000 100000 100000 100000 100000 100000 100000 100000 100000 100000 100000 100000 100000 100000 100000 100000 100000 100000 100000 100000 100000 100000 100000 100000 100000 100000 100000 100000 100000 100000 100000 100000 100000 100000 100000 100000 100000 100000 100000 100000 100000 100000 100000 100000 100000 100000 100000 100000 100000 100000 100000 100000 100000 100000 100000 100000 100000 100000 100000 100000 
-100000 -100000 -100000 -100000 -100000 -100000 -100000 -100000 -100000 -100000 -100000 -100000 -100000 -100000 -100000 -100000 -100000 -100000 -100000 -100000 -100000 -100000 -100000 -100000 -100000 -100000 -100000 -100000 -100000 -100000 -100000 -100000 -100000 -100000 -100000 -100000 -100000 -100000 -100000 -100000 -100000 -100000 -100000 -100000 -100000 -100000 -100000 -100000 -100000 -100000 -100000 -100000 -100000 -100000 -100000 -100000 -100000 -100000 -100000 -100000 -100000 -100000 -100000 -100000 -100000 -100000 -100000 -100000 -100000 -100000 -100000 -100000 -100000 -100000 -100000 -100000 -100000 -100000 -100000 -100000 -100000 -100000 -100000 -100000 -100000 -100000 -100000 -100000 -100000 -100000 -100000 -100000 -100000 -100000 -100000 -100000 -100000 -100000 -100000 -100000 -100000 -100000 -100000 -100000 -100000 -100000 -100000 -100000 -100000 -100000 -100000 -100000 -100000 -100000 -100000 -100000 -100000 -100000 -100000 -100000 -100000 -100000 -100000 -100000 -100000 -100000 -100000 -100000 -100000 -100000 -100000 -100000 -100000 -100000 -100000 -100000 -100000 -100000 -100000 -100000 -100000 -100000 -100000 -100000 -100000 -100000 -100000 -100000 -100000 -100000 -100000 -100000 -100000 -100000 -100000 -100000 -100000 -100000 -100000 -100000 -100000 -100000 -100000 -100000 -100000 -100000 -100000 -100000 -100000 -100000 -100000 -100000 -100000 -100000 -100000 -100000 -100000 -100000 -100000 -100000 -100000 -100000 -100000 -100000 -100000 -100000 -100000 -100000 -100000 -100000 -100000 -100000 -100000 -100000 -100000 -100000 -100000 -100000 -100000 -100000 -100000 -100000 -100000 -100000 -100000 -100000 -100000 -100000 -100000 -100000 -100000 -100000 -100000 -100000 -100000 -100000 -100000 -100000 -100000 -100000 -100000 -100000 -100000 -100000 -100000 -100000 -100000 -100000 -100000 -100000 -100000 -100000 -100000 -100000 -100000 -100000 -100000 -100000 -100000 -100000 -100000 -100000 -100000 -100000 -100000 -100000 -100000 -100000 -100000 -100000 -100000 -100000 -100000 -100000 -100000 -100000 -100000 -100000 -100000 -100000 -100000 -100000 -100000 -100000 -100000 -100000 -100000 -100000 -100000 -100000 -100000 -100000 -100000 -100000 -100000 -100000 -100000 -100000 -100000 -100000 -100000 -100000 -100000 -100000 -100000 -100000 -100000 -100000 -100000 -100000 -100000 -100000 -100000 -100000 -100000 -100000 -100000 -100000 -100000 -100000 -100000 -100000 -100000 -100000 -100000 -100000 -100000 -100000 -100000 -100000 -100000 -100000 -100000 -100000 -100000 -100000 -100000 -100000 -100000 -100000 -100000 -100000 -100000 -100000 -100000 -100000 -100000 -100000 -100000 -100000 -100000 -100000 -100000 -100000 -100000 -100000 -100000 -100000 -100000 -100000 -100000 -100000 -100000 -100000 -100000 -100000 -100000 -100000 -100000 -100000 -100000 -100000 -100000 -100000 -100000 -100000 -100000 -100000 -100000 -100000 -100000 -100000 -100000 -100000 -100000 -100000 -100000 -100000 -100000 -100000 -100000 -100000 -100000 -100000 -100000 -100000 -100000 -100000 -100000 -100000 -100000 -100000 -100000 -100000 -100000 -100000 -100000 -100000 -100000 -100000 -100000 -100000 -100000 -100000 -100000 -100000 -100000 -100000 -100000 -100000 -100000 -100000 -100000 -100000 -100000 -100000 -100000 -100000 -100000 -100000 -100000 -100000 -100000 -100000 -100000 -100000 -100000 -100000 -100000 -100000 -100000 -100000 -100000 -100000 -100000 -100000 -100000 -100000 -100000 -100000 -100000 -100000 -100000 -100000 -100000 -100000 -100000 -100000 -100000 -100000 -100000 -100000 -100000 -100000 -100000 -100000 -100000 -100000 -100000 -100000 -100000 -100000 -100000 -100000 -100000 -100000 -100000 -100000 -100000 -100000 -100000 -100000 -100000 -100000 -100000 -100000 -100000 -100000 -100000 -100000 -100000 -100000 -100000 -100000 -100000 -100000 -100000 -100000 -100000 -100000 -100000 -100000 -100000 -100000 -100000 -100000 -100000 -100000 -100000 -100000 -100000 -100000 -100000 -100000 -100000 -100000 -100000 -100000 -100000 -100000 -100000 -100000 -100000 -100000 -100000 -100000 -100000 -100000 -100000 -100000 -100000 -100000 -100000 -100000 -100000 -100000 -100000 -100000 -100000 -100000 -100000 -100000 -100000 -100000 -100000 -100000 -100000 -100000 -100000 -100000 -100000 -100000 -100000 -100000 -100000 -100000 -100000 -100000 -100000 -100000 -100000 -100000 -100000 -100000 -100000 -100000 -100000 -100000 -100000 -100000 -100000 -100000 -100000 -100000 -100000 -100000 -100000 -100000 -100000 -100000 -100000 -100000 -100000 -100000 -100000 -100000 -100000 -100000 -100000 -100000 -100000 -100000 -100000 -100000 -100000 -100000 -100000 -100000 -100000 -100000 -100000 -100000 -100000 -100000 -100000 -100000 -100000 -100000 -100000 -100000 -100000 -100000 -100000 -100000 -100000 -100000 -100000 -100000 -100000 -100000 -100000 -100000 -100000 -100000 -100000 -100000 -100000 -100000 -100000 -100000 -100000 -100000 -100000 -100000 -100000 -100000 -100000 -100000 -100000 -100000 -100000 -100000 -100000 -100000 -100000 -100000 -100000 -100000 -100000 -100000 -100000 -100000 -100000 -100000 -100000 -100000 -100000 -100000 -100000 -100000 -100000 -100000 -100000 -100000 -100000 -100000 -100000 -100000 -100000 -100000 -100000 -100000 -100000 -100000 -100000 -100000 -100000 -100000 -100000 -100000 -100000 -100000 -100000 -100000 -100000 -100000 -100000 -100000 -100000 -100000 -100000 -100000 -100000 -100000 -100000 -100000 -100000 -100000 -100000 -100000 -100000 -100000 -100000 -100000 -100000 -100000 -100000 -100000 -100000 -100000 -100000 -100000 -100000 -100000 -100000 -100000 -100000 -100000 -100000 -100000 -100000 -100000 -100000 -100000 -100000 -100000 -100000 -100000 -100000 -100000 -100000 -100000 -100000 -100000 -100000 -100000 -100000 -100000 -100000 -100000 -100000 -100000 -100000 -100000 -100000 -100000 -100000 -100000 -100000 -100000 -100000 -100000 -100000 -100000 -100000 -100000 -100000 -100000 -100000 -100000 -100000 -100000 -100000 -100000 -100000 -100000 -100000 -100000 -100000 -100000 -100000 -100000 -100000 -100000 -100000 -100000 -100000 -100000 -100000 -100000 -100000 -100000 -100000 -100000 -100000 -100000 -100000 -100000 -100000 -100000 -100000 -100000 -100000 -100000 -100000 -100000 -100000 -100000 -100000 -100000 -100000 -100000 -100000 -100000 -100000 -100000 -100000 -100000 -100000 -100000 -100000 -100000 -100000 -100000 -100000 -100000 -100000 -100000 -100000 -100000 
